 VECTOR=    0.000000    0.000000    0.000000   ICLUS=14021
    3.0571   -0.0000    0.0000   -0.0000   -0.0000   -0.0000   -0.0000    0.0000   -0.0000
   -0.0000    2.7379   -0.0000   -0.0000    0.0000   -0.0000   -0.0000   -0.0000   -0.0000
   -0.0000   -0.0000    2.7379   -0.0000    0.0000   -0.0000   -0.0000    0.0000   -0.0000
   -0.0000   -0.0000   -0.0000    2.7379    0.0000   -0.0000   -0.0000    0.0000   -0.0000
   -0.0000    0.0000    0.0000   -0.0000    2.1369    0.2325    0.2325   -0.0000    0.0000
   -0.0000   -0.0000   -0.0000   -0.0000    0.2325    1.9045   -0.0000    0.2325   -0.0000
   -0.0000   -0.0000   -0.0000   -0.0000    0.2325   -0.0000    1.9045   -0.2325   -0.0000
    0.0000   -0.0000    0.0000    0.0000    0.0000    0.2325   -0.2325    2.1369    0.0000
   -0.0000   -0.0000    0.0000   -0.0000    0.0000   -0.0000   -0.0000    0.0000    2.3694
 VECTOR=    2.217025    2.217025   -2.217025   ICLUS=14021
   -0.0170   -0.0220   -0.0220    0.0220   -0.0345    0.0345    0.0345    0.0000    0.0000
    0.0220    0.0300    0.0288   -0.0288    0.0482   -0.0447   -0.0482    0.0035   -0.0020
    0.0220    0.0288    0.0300   -0.0288    0.0482   -0.0482   -0.0447   -0.0035   -0.0020
   -0.0220   -0.0288   -0.0288    0.0300   -0.0447    0.0482    0.0482    0.0000   -0.0040
   -0.0345   -0.0482   -0.0482    0.0447   -0.0777    0.0765    0.0765   -0.0000    0.0098
    0.0345    0.0447    0.0482   -0.0482    0.0765   -0.0830   -0.0713   -0.0032    0.0049
    0.0345    0.0482    0.0447   -0.0482    0.0765   -0.0713   -0.0830    0.0032    0.0049
   -0.0000   -0.0035    0.0035    0.0000   -0.0000   -0.0032    0.0032   -0.0149   -0.0000
    0.0000    0.0020    0.0020    0.0040    0.0098    0.0049    0.0049    0.0000   -0.0097
 VECTOR=    1.514256   -0.405744   -2.217025   ICLUS=14021
   -0.4848   -0.5472    0.1466    0.8012    0.1506   -0.2656    0.9913   -0.2608   -0.5929
    0.5472    0.4728   -0.2104   -1.0025   -0.1753    0.4093   -0.9633    0.0971    1.0239
   -0.1466   -0.2104   -0.2560    0.2686   -0.3107    0.4545    0.4093   -0.2325   -0.2744
   -0.8012   -1.0025    0.2686    1.2631    0.3377   -0.4703    1.7553   -0.5850   -0.7646
    0.1506    0.1753    0.3107   -0.3377    0.3295   -0.5695   -0.4044    0.2552    0.5025
   -0.2656   -0.4093   -0.4545    0.4703   -0.5695    0.8001    0.7888   -0.4742   -0.4349
    0.9913    0.9633   -0.4093   -1.7553   -0.4044    0.7888   -1.9323    0.3091    1.6230
   -0.2608   -0.0971    0.2325    0.5850    0.2552   -0.4742    0.3091    0.0348   -0.8703
   -0.5929   -1.0239    0.2744    0.7646    0.5025   -0.4349    1.6230   -0.8703    0.0179
 VECTOR=    0.811487   -3.028513   -2.217025   ICLUS=14021
   -0.0170   -0.0080    0.0300    0.0220    0.0172   -0.0471    0.0126    0.0299   -0.0000
    0.0080    0.0050   -0.0144   -0.0105   -0.0130    0.0224   -0.0095   -0.0129   -0.0007
   -0.0300   -0.0144    0.0549    0.0394    0.0318   -0.0870    0.0224    0.0577    0.0027
   -0.0220   -0.0105    0.0394    0.0300    0.0224   -0.0659    0.0177    0.0388   -0.0040
    0.0172    0.0130   -0.0318   -0.0224   -0.0306    0.0513   -0.0178   -0.0272   -0.0049
   -0.0471   -0.0224    0.0870    0.0659    0.0513   -0.1447    0.0356    0.0911   -0.0067
    0.0126    0.0095   -0.0224   -0.0177   -0.0178    0.0356   -0.0213   -0.0221    0.0018
    0.0299    0.0129   -0.0577   -0.0388   -0.0272    0.0911   -0.0221   -0.0620   -0.0085
   -0.0000    0.0007   -0.0027    0.0040   -0.0049   -0.0067    0.0018   -0.0085   -0.0097
 VECTOR=   -0.405744    1.514256   -2.217025   ICLUS=14021
   -0.4848    0.1466   -0.5472    0.8012    0.1506    0.9913   -0.2656    0.2608   -0.5929
   -0.1466   -0.2560   -0.2104    0.2686   -0.3107    0.4093    0.4545    0.2325   -0.2744
    0.5472   -0.2104    0.4728   -1.0025   -0.1753   -0.9633    0.4093   -0.0971    1.0239
   -0.8012    0.2686   -1.0025    1.2631    0.3377    1.7553   -0.4703    0.5850   -0.7646
    0.1506    0.3107    0.1753   -0.3377    0.3295   -0.4044   -0.5695   -0.2552    0.5025
    0.9913   -0.4093    0.9633   -1.7553   -0.4044   -1.9323    0.7888   -0.3091    1.6230
   -0.2656   -0.4545   -0.4093    0.4703   -0.5695    0.7888    0.8001    0.4742   -0.4349
    0.2608   -0.2325    0.0971   -0.5850   -0.2552   -0.3091    0.4742    0.0348    0.8703
   -0.5929    0.2744   -1.0239    0.7646    0.5025    1.6230   -0.4349    0.8703    0.0179
 VECTOR=   -1.108513   -1.108513   -2.217025   ICLUS=14021
   -0.4848    0.4006    0.4006    0.8012   -0.3012   -0.7257   -0.7257   -0.0000   -0.5929
   -0.4006    0.1084    0.4208    0.7339   -0.1257   -0.8186   -0.2544    0.2821   -0.7496
   -0.4006    0.4208    0.1084    0.7339   -0.1257   -0.2544   -0.8186   -0.2821   -0.7496
   -0.8012    0.7339    0.7339    1.2631   -0.6755   -1.2850   -1.2850   -0.0000   -0.7646
   -0.3012    0.1257    0.1257    0.6755   -0.1126   -0.3440   -0.3440    0.0000   -1.0050
   -0.7257    0.8186    0.2544    1.2850   -0.3440   -0.5661   -1.5775   -0.5346   -1.1881
   -0.7257    0.2544    0.8186    1.2850   -0.3440   -1.5775   -0.5661    0.5346   -1.1881
    0.0000   -0.2821    0.2821    0.0000    0.0000   -0.5346    0.5346    0.4768   -0.0000
   -0.5929    0.7496    0.7496    0.7646   -1.0050   -1.1881   -1.1881   -0.0000    0.0179
 VECTOR=   -3.028513    0.811487   -2.217025   ICLUS=14021
   -0.0170    0.0300   -0.0080    0.0220    0.0172    0.0126   -0.0471   -0.0299   -0.0000
   -0.0300    0.0549   -0.0144    0.0394    0.0318    0.0224   -0.0870   -0.0577    0.0027
    0.0080   -0.0144    0.0050   -0.0105   -0.0130   -0.0095    0.0224    0.0129   -0.0007
   -0.0220    0.0394   -0.0105    0.0300    0.0224    0.0177   -0.0659   -0.0388   -0.0040
    0.0172   -0.0318    0.0130   -0.0224   -0.0306   -0.0178    0.0513    0.0272   -0.0049
    0.0126   -0.0224    0.0095   -0.0177   -0.0178   -0.0213    0.0356    0.0221    0.0018
   -0.0471    0.0870   -0.0224    0.0659    0.0513    0.0356   -0.1447   -0.0911   -0.0067
   -0.0299    0.0577   -0.0129    0.0388    0.0272    0.0221   -0.0911   -0.0620    0.0085
   -0.0000   -0.0027    0.0007    0.0040   -0.0049    0.0018   -0.0067    0.0085   -0.0097
 VECTOR=    2.622769    0.702769    0.000000   ICLUS=14021
   -0.4848   -0.9478   -0.2540   -0.0000   -0.5340    0.0562   -0.0150   -0.9249    0.5929
    0.9478    1.8471    0.5594   -0.0131    1.1922   -0.0841    0.0008    1.7666   -1.1942
    0.2540    0.5594   -0.0907    0.0491   -0.1975   -0.0008    0.0811    0.7718   -0.3200
    0.0000   -0.0131    0.0491   -0.2765    0.0701   -0.1640   -0.6122   -0.0405   -0.0000
   -0.5340   -1.1922    0.1975   -0.0701    0.3981   -0.0040   -0.1096   -1.6859    0.7013
    0.0562    0.0841    0.0008    0.1640   -0.0040   -0.0718    0.4101    0.0571    0.0215
   -0.0150   -0.0008   -0.0811    0.6122   -0.1096    0.4101    1.3488    0.0486   -0.0057
   -0.9249   -1.7666   -0.7718    0.0405   -1.6859    0.0571    0.0486   -1.5486    1.2147
    0.5929    1.1942    0.3200    0.0000    0.7013    0.0215   -0.0057    1.2147   -0.8767
 VECTOR=    1.920000   -1.920000    0.000000   ICLUS=14021
   -0.4848   -0.6939    0.6939   -0.0000    1.0680   -0.0411   -0.0411   -0.0000    0.5929
    0.6939    0.8782   -1.1188   -0.0359   -1.5563    0.0826    0.0017   -0.4077   -0.8742
   -0.6939   -1.1188    0.8782   -0.0359    1.5563   -0.0017   -0.0826   -0.4077    0.8742
   -0.0000   -0.0359   -0.0359   -0.2765   -0.0000    0.4482   -0.4482   -0.0809   -0.0000
    1.0680    1.5563   -1.5563   -0.0000   -2.5219    0.0347    0.0347    0.0000   -1.4026
   -0.0411   -0.0826    0.0017   -0.4482    0.0347    0.6385   -0.8202   -0.0873   -0.0157
   -0.0411   -0.0017    0.0826    0.4482    0.0347   -0.8202    0.6385    0.0873   -0.0157
    0.0000    0.4077    0.4077    0.0809    0.0000   -0.0873    0.0873    1.3714    0.0000
    0.5929    0.8742   -0.8742   -0.0000   -1.4026   -0.0157   -0.0157   -0.0000   -0.8767
 VECTOR=    0.702769    2.622769    0.000000   ICLUS=14021
   -0.4848   -0.2540   -0.9478   -0.0000   -0.5340   -0.0150    0.0562    0.9249    0.5929
    0.2540   -0.0907    0.5594    0.0491   -0.1975    0.0811   -0.0008   -0.7718   -0.3200
    0.9478    0.5594    1.8471   -0.0131    1.1922    0.0008   -0.0841   -1.7666   -1.1942
    0.0000    0.0491   -0.0131   -0.2765    0.0701   -0.6122   -0.1640    0.0405   -0.0000
   -0.5340    0.1975   -1.1922   -0.0701    0.3981   -0.1096   -0.0040    1.6859    0.7013
   -0.0150   -0.0811   -0.0008    0.6122   -0.1096    1.3488    0.4101   -0.0486   -0.0057
    0.0562    0.0008    0.0841    0.1640   -0.0040    0.4101   -0.0718   -0.0571    0.0215
    0.9249    0.7718    1.7666   -0.0405    1.6859   -0.0486   -0.0571   -1.5486   -1.2147
    0.5929    0.3200    1.1942    0.0000    0.7013   -0.0057    0.0215   -1.2147   -0.8767
 VECTOR=   -0.702769   -2.622769    0.000000   ICLUS=14021
   -0.4848    0.2540    0.9478    0.0000   -0.5340   -0.0150    0.0562    0.9249    0.5929
   -0.2540   -0.0907    0.5594    0.0491    0.1975   -0.0811    0.0008    0.7718    0.3200
   -0.9478    0.5594    1.8471   -0.0131   -1.1922   -0.0008    0.0841    1.7666    1.1942
   -0.0000    0.0491   -0.0131   -0.2765   -0.0701    0.6122    0.1640   -0.0405    0.0000
   -0.5340   -0.1975    1.1922    0.0701    0.3981   -0.1096   -0.0040    1.6859    0.7013
   -0.0150    0.0811    0.0008   -0.6122   -0.1096    1.3488    0.4101   -0.0486   -0.0057
    0.0562   -0.0008   -0.0841   -0.1640   -0.0040    0.4101   -0.0718   -0.0571    0.0215
    0.9249   -0.7718   -1.7666    0.0405    1.6859   -0.0486   -0.0571   -1.5486   -1.2147
    0.5929   -0.3200   -1.1942   -0.0000    0.7013   -0.0057    0.0215   -1.2147   -0.8767
 VECTOR=   -1.920000    1.920000    0.000000   ICLUS=14021
   -0.4848    0.6939   -0.6939   -0.0000    1.0680   -0.0411   -0.0411    0.0000    0.5929
   -0.6939    0.8782   -1.1188   -0.0359    1.5563   -0.0826   -0.0017    0.4077    0.8742
    0.6939   -1.1188    0.8782   -0.0359   -1.5563    0.0017    0.0826    0.4077   -0.8742
   -0.0000   -0.0359   -0.0359   -0.2765   -0.0000   -0.4482    0.4482    0.0809   -0.0000
    1.0680   -1.5563    1.5563   -0.0000   -2.5219    0.0347    0.0347   -0.0000   -1.4026
   -0.0411    0.0826   -0.0017    0.4482    0.0347    0.6385   -0.8202   -0.0873   -0.0157
   -0.0411    0.0017   -0.0826   -0.4482    0.0347   -0.8202    0.6385    0.0873   -0.0157
   -0.0000   -0.4077   -0.4077   -0.0809   -0.0000   -0.0873    0.0873    1.3714   -0.0000
    0.5929   -0.8742    0.8742   -0.0000   -1.4026   -0.0157   -0.0157    0.0000   -0.8767
 VECTOR=   -2.622769   -0.702769    0.000000   ICLUS=14021
   -0.4848    0.9478    0.2540    0.0000   -0.5340    0.0562   -0.0150   -0.9249    0.5929
   -0.9478    1.8471    0.5594   -0.0131   -1.1922    0.0841   -0.0008   -1.7666    1.1942
   -0.2540    0.5594   -0.0907    0.0491    0.1975    0.0008   -0.0811   -0.7718    0.3200
   -0.0000   -0.0131    0.0491   -0.2765   -0.0701    0.1640    0.6122    0.0405    0.0000
   -0.5340    1.1922   -0.1975    0.0701    0.3981   -0.0040   -0.1096   -1.6859    0.7013
    0.0562   -0.0841   -0.0008   -0.1640   -0.0040   -0.0718    0.4101    0.0571    0.0215
   -0.0150    0.0008    0.0811   -0.6122   -0.1096    0.4101    1.3488    0.0486   -0.0057
   -0.9249    1.7666    0.7718   -0.0405   -1.6859    0.0571    0.0486   -1.5486    1.2147
    0.5929   -1.1942   -0.3200   -0.0000    0.7013    0.0215   -0.0057    1.2147   -0.8767
 VECTOR=    3.028513   -0.811487    2.217025   ICLUS=14021
   -0.0170   -0.0300    0.0080   -0.0220    0.0172    0.0126   -0.0471   -0.0299   -0.0000
    0.0300    0.0549   -0.0144    0.0394   -0.0318   -0.0224    0.0870    0.0577   -0.0027
   -0.0080   -0.0144    0.0050   -0.0105    0.0130    0.0095   -0.0224   -0.0129    0.0007
    0.0220    0.0394   -0.0105    0.0300   -0.0224   -0.0177    0.0659    0.0388    0.0040
    0.0172    0.0318   -0.0130    0.0224   -0.0306   -0.0178    0.0513    0.0272   -0.0049
    0.0126    0.0224   -0.0095    0.0177   -0.0178   -0.0213    0.0356    0.0221    0.0018
   -0.0471   -0.0870    0.0224   -0.0659    0.0513    0.0356   -0.1447   -0.0911   -0.0067
   -0.0299   -0.0577    0.0129   -0.0388    0.0272    0.0221   -0.0911   -0.0620    0.0085
   -0.0000    0.0027   -0.0007   -0.0040   -0.0049    0.0018   -0.0067    0.0085   -0.0097
 VECTOR=    1.108513    1.108513    2.217025   ICLUS=14021
   -0.4848   -0.4006   -0.4006   -0.8012   -0.3012   -0.7257   -0.7257    0.0000   -0.5929
    0.4006    0.1084    0.4208    0.7339    0.1257    0.8186    0.2544   -0.2821    0.7496
    0.4006    0.4208    0.1084    0.7339    0.1257    0.2544    0.8186    0.2821    0.7496
    0.8012    0.7339    0.7339    1.2631    0.6755    1.2850    1.2850    0.0000    0.7646
   -0.3012   -0.1257   -0.1257   -0.6755   -0.1126   -0.3440   -0.3440    0.0000   -1.0050
   -0.7257   -0.8186   -0.2544   -1.2850   -0.3440   -0.5661   -1.5775   -0.5346   -1.1881
   -0.7257   -0.2544   -0.8186   -1.2850   -0.3440   -1.5775   -0.5661    0.5346   -1.1881
    0.0000    0.2821   -0.2821    0.0000   -0.0000   -0.5346    0.5346    0.4768   -0.0000
   -0.5929   -0.7496   -0.7496   -0.7646   -1.0050   -1.1881   -1.1881   -0.0000    0.0179
 VECTOR=    0.405744   -1.514256    2.217025   ICLUS=14021
   -0.4848   -0.1466    0.5472   -0.8012    0.1506    0.9913   -0.2656    0.2608   -0.5929
    0.1466   -0.2560   -0.2104    0.2686    0.3107   -0.4093   -0.4545   -0.2325    0.2744
   -0.5472   -0.2104    0.4728   -1.0025    0.1753    0.9633   -0.4093    0.0971   -1.0239
    0.8012    0.2686   -1.0025    1.2631   -0.3377   -1.7553    0.4703   -0.5850    0.7646
    0.1506   -0.3107   -0.1753    0.3377    0.3295   -0.4044   -0.5695   -0.2552    0.5025
    0.9913    0.4093   -0.9633    1.7553   -0.4044   -1.9323    0.7888   -0.3091    1.6230
   -0.2656    0.4545    0.4093   -0.4703   -0.5695    0.7888    0.8001    0.4742   -0.4349
    0.2608    0.2325   -0.0971    0.5850   -0.2552   -0.3091    0.4742    0.0348    0.8703
   -0.5929   -0.2744    1.0239   -0.7646    0.5025    1.6230   -0.4349    0.8703    0.0179
 VECTOR=   -0.811487    3.028513    2.217025   ICLUS=14021
   -0.0170    0.0080   -0.0300   -0.0220    0.0172   -0.0471    0.0126    0.0299   -0.0000
   -0.0080    0.0050   -0.0144   -0.0105    0.0130   -0.0224    0.0095    0.0129    0.0007
    0.0300   -0.0144    0.0549    0.0394   -0.0318    0.0870   -0.0224   -0.0577   -0.0027
    0.0220   -0.0105    0.0394    0.0300   -0.0224    0.0659   -0.0177   -0.0388    0.0040
    0.0172   -0.0130    0.0318    0.0224   -0.0306    0.0513   -0.0178   -0.0272   -0.0049
   -0.0471    0.0224   -0.0870   -0.0659    0.0513   -0.1447    0.0356    0.0911   -0.0067
    0.0126   -0.0095    0.0224    0.0177   -0.0178    0.0356   -0.0213   -0.0221    0.0018
    0.0299   -0.0129    0.0577    0.0388   -0.0272    0.0911   -0.0221   -0.0620   -0.0085
   -0.0000   -0.0007    0.0027   -0.0040   -0.0049   -0.0067    0.0018   -0.0085   -0.0097
 VECTOR=   -1.514256    0.405744    2.217025   ICLUS=14021
   -0.4848    0.5472   -0.1466   -0.8012    0.1506   -0.2656    0.9913   -0.2608   -0.5929
   -0.5472    0.4728   -0.2104   -1.0025    0.1753   -0.4093    0.9633   -0.0971   -1.0239
    0.1466   -0.2104   -0.2560    0.2686    0.3107   -0.4545   -0.4093    0.2325    0.2744
    0.8012   -1.0025    0.2686    1.2631   -0.3377    0.4703   -1.7553    0.5850    0.7646
    0.1506   -0.1753   -0.3107    0.3377    0.3295   -0.5695   -0.4044    0.2552    0.5025
   -0.2656    0.4093    0.4545   -0.4703   -0.5695    0.8001    0.7888   -0.4742   -0.4349
    0.9913   -0.9633    0.4093    1.7553   -0.4044    0.7888   -1.9323    0.3091    1.6230
   -0.2608    0.0971   -0.2325   -0.5850    0.2552   -0.4742    0.3091    0.0348   -0.8703
   -0.5929    1.0239   -0.2744   -0.7646    0.5025   -0.4349    1.6230   -0.8703    0.0179
 VECTOR=   -2.217025   -2.217025    2.217025   ICLUS=14021
   -0.0170    0.0220    0.0220   -0.0220   -0.0345    0.0345    0.0345    0.0000   -0.0000
   -0.0220    0.0300    0.0288   -0.0288   -0.0482    0.0447    0.0482   -0.0035    0.0020
   -0.0220    0.0288    0.0300   -0.0288   -0.0482    0.0482    0.0447    0.0035    0.0020
    0.0220   -0.0288   -0.0288    0.0300    0.0447   -0.0482   -0.0482    0.0000    0.0040
   -0.0345    0.0482    0.0482   -0.0447   -0.0777    0.0765    0.0765    0.0000    0.0098
    0.0345   -0.0447   -0.0482    0.0482    0.0765   -0.0830   -0.0713   -0.0032    0.0049
    0.0345   -0.0482   -0.0447    0.0482    0.0765   -0.0713   -0.0830    0.0032    0.0049
   -0.0000    0.0035   -0.0035   -0.0000    0.0000   -0.0032    0.0032   -0.0149   -0.0000
   -0.0000   -0.0020   -0.0020   -0.0040    0.0098    0.0049    0.0049    0.0000   -0.0097
